CLASS zero 1 7
0.296909
0.012898
0.004006
0.000134
-0.000000
0.000014
0.005698
CLASS one 1 7
0.378454
0.205742
55.970057
16.233247
469.494337
4.720538
227.065368
CLASS two 1 7
0.377891
-0.029261
5.076805
1.265786
-1.193577
-0.167363
-2.240473
CLASS three 1 7
0.380076
0.060640
17.154817
5.090509
-46.545204
-1.077674
5.489573
CLASS four 1 7
0.252657
-0.040550
41.816071
1.009021
6.435761
0.089069
1.476243
CLASS five 1 7
0.327923
0.051842
0.450642
0.543178
-0.146365
0.079754
-0.699180
CLASS six 1 7
0.282855
0.036296
3.988130
0.764294
-1.244476
-0.074707
1.168867
CLASS seven 1 7
0.432696
-0.092807
228.489203
42.254221
3551.289222
11.032321
288.368714
CLASS eight 1 7
0.280883
0.019002
0.806930
0.010295
-0.000894
0.001279
0.148952
CLASS nine 1 7
0.281613
0.037857
3.653758
0.737111
-1.047809
-0.065724
0.200963
EOF
